4 0.386292 0.493555 0.068974 0.185202
4 0.260828 0.564647 0.052275 0.252708
4 0.441727 0.389729 0.048494 0.176573
4 0.634155 0.492164 0.088362 0.183335
4 0.114423 0.634044 0.095876 0.214017
4 0.320766 0.347723 0.040537 0.169738
2 0.293660 0.230297 0.026006 0.055180
4 0.491949 0.280497 0.042951 0.162836
4 0.819007 0.344865 0.049448 0.150490
4 0.461420 0.245921 0.047859 0.194684
4 0.661764 0.589158 0.075702 0.129225
4 0.619724 0.625415 0.081461 0.161407
4 0.270442 0.288151 0.027252 0.149943
0 0.734738 0.669956 0.014915 0.036133
